#ProjectedDOSforatomickindCatiterationstepi=0,E(Fermi)=0.456293a.u.
#MOEigenvalue[a.u.]Occupation,,s,,p,,d
1,-0.382697,2.000000,0.99412547,0.00337611,0.00249842
2,-0.319412,2.000000,0.52060245,0.37871314,0.10068441
3,-0.319405,2.000000,0.52059663,0.37871903,0.10068434
4,-0.319405,2.000000,0.52059667,0.37871900,0.10068433
5,-0.293953,2.000000,0.49932577,0.41146958,0.08920465
6,-0.293953,2.000000,0.49932580,0.41146956,0.08920463
7,-0.293943,2.000000,0.49932429,0.41146997,0.08920575
8,-0.258932,2.000000,0.39719148,0.39722042,0.20558810
9,-0.258930,2.000000,0.39717976,0.39723485,0.20558540
10,-0.258930,2.000000,0.39717977,0.39723486,0.20558537
11,-0.232750,2.000000,0.39459387,0.39020825,0.21519787
12,-0.232749,2.000000,0.39459590,0.39020388,0.21520022
13,-0.232749,2.000000,0.39459591,0.39020391,0.21520018
14,-0.231630,2.000000,0.38063020,0.41133933,0.20803047
15,-0.231627,2.000000,0.38062551,0.41135206,0.20802242
16,-0.231627,2.000000,0.38062551,0.41135205,0.20802244
17,-0.219055,2.000000,0.39304175,0.21814137,0.38881688
18,-0.206474,2.000000,0.37746181,0.40512944,0.21740875
19,-0.206474,2.000000,0.37746181,0.40512942,0.21740877
20,-0.206456,2.000000,0.37746273,0.40513181,0.21740546
21,-0.195948,2.000000,0.39988686,0.19225298,0.40786015
22,-0.195948,2.000000,0.39988686,0.19225297,0.40786017
23,-0.168096,2.000000,0.37391532,0.23689530,0.38918939
24,-0.117985,2.000000,0.15800713,0.81129646,0.03069641
25,-0.104758,2.000000,0.31253910,0.47904907,0.20841182
26,-0.098380,2.000000,0.31601729,0.46777306,0.21620965
27,-0.098380,2.000000,0.31601730,0.46777305,0.21620965
28,-0.088354,2.000000,0.12410657,0.85244817,0.02344525
29,-0.088354,2.000000,0.12410658,0.85244817,0.02344525
30,-0.078121,2.000000,0.34683710,0.45168632,0.20147658
31,-0.078121,2.000000,0.34683712,0.45168633,0.20147656
32,-0.078111,2.000000,0.34698810,0.45155039,0.20146150
33,-0.078010,2.000000,0.34776998,0.44937962,0.20285040
34,-0.078007,2.000000,0.34749112,0.44962527,0.20288360
35,-0.078007,2.000000,0.34749107,0.44962534,0.20288359
36,-0.077911,2.000000,0.29834822,0.49348463,0.20816715
37,-0.077911,2.000000,0.29834817,0.49348469,0.20816714
38,-0.076107,2.000000,0.13073065,0.83086815,0.03840120
39,-0.072300,2.000000,0.30491761,0.48392021,0.21116218
40,-0.051852,2.000000,0.33536793,0.44865119,0.21598088
41,-0.051846,2.000000,0.33537576,0.44864223,0.21598201
42,-0.051846,2.000000,0.33537576,0.44864224,0.21598199
43,-0.051368,2.000000,0.33503060,0.44954451,0.21542488
44,-0.051368,2.000000,0.33503062,0.44954451,0.21542488
45,-0.051351,2.000000,0.33504412,0.44952801,0.21542787
46,0.035042,2.000000,0.19335524,0.64606109,0.16058367
47,0.035042,2.000000,0.19335526,0.64606106,0.16058368
48,0.035060,2.000000,0.19337495,0.64603468,0.16059037
49,0.045783,2.000000,0.23002057,0.59076765,0.17921178
50,0.045783,2.000000,0.23002058,0.59076764,0.17921177
51,0.045798,2.000000,0.23001703,0.59077488,0.17920809
52,0.051178,2.000000,0.17683718,0.65090549,0.17225734
53,0.051178,2.000000,0.17683718,0.65090549,0.17225733
54,0.051187,2.000000,0.17684169,0.65089417,0.17226414
55,0.060734,2.000000,0.20650367,0.61293484,0.18056149
56,0.060754,2.000000,0.20651713,0.61291130,0.18057157
57,0.060754,2.000000,0.20651714,0.61291129,0.18057158
58,0.073734,2.000000,0.00593970,0.81936601,0.17469429
59,0.073734,2.000000,0.00593970,0.81936601,0.17469428
60,0.073748,2.000000,0.00594291,0.81935762,0.17469947
61,0.077368,2.000000,0.00309997,0.81914610,0.17775394
62,0.077400,2.000000,0.00309865,0.81912522,0.17777612
63,0.077400,2.000000,0.00309865,0.81912522,0.17777613
64,0.082826,2.000000,0.01190527,0.80367416,0.18442058
65,0.082826,2.000000,0.01190527,0.80367415,0.18442059
66,0.082837,2.000000,0.01190116,0.80367084,0.18442800
67,0.085957,2.000000,0.00130250,0.81395680,0.18474069
68,0.085988,2.000000,0.00130120,0.81393319,0.18476561
69,0.085988,2.000000,0.00130120,0.81393319,0.18476561
70,0.091953,2.000000,0.06671076,0.74936818,0.18392105
71,0.091953,2.000000,0.06671079,0.74936817,0.18392104
72,0.091976,2.000000,0.06671777,0.74934787,0.18393436
73,0.101933,2.000000,0.05347510,0.75638382,0.19014109
74,0.101960,2.000000,0.05347964,0.75636324,0.19015712
75,0.101960,2.000000,0.05347965,0.75636322,0.19015713
76,0.115688,2.000000,0.07248034,0.73747243,0.19004723
77,0.115688,2.000000,0.07248037,0.73747243,0.19004720
78,0.115690,2.000000,0.07247204,0.73747511,0.19005285
79,0.119464,2.000000,0.06900223,0.72905742,0.20194034
80,0.119464,2.000000,0.06900224,0.72905742,0.20194034
81,0.119495,2.000000,0.06902501,0.72903089,0.20194410
82,0.135320,2.000000,0.00022704,0.99423121,0.00554175
83,0.135320,2.000000,0.00022704,0.99423121,0.00554175
84,0.143538,2.000000,0.00216761,0.98276810,0.01506429
85,0.153859,2.000000,0.00000001,0.99361647,0.00638352
86,0.157196,2.000000,0.00115259,0.98299316,0.01585425
87,0.157196,2.000000,0.00115259,0.98299316,0.01585425
88,0.181404,2.000000,0.12686952,0.75460829,0.11852220
89,0.181404,2.000000,0.12686947,0.75460837,0.11852216
90,0.181426,2.000000,0.12682890,0.75465790,0.11851320
91,0.188717,2.000000,0.19514940,0.66016095,0.14468966
92,0.188717,2.000000,0.19514938,0.66016094,0.14468967
93,0.188742,2.000000,0.19524881,0.66003903,0.14471216
94,0.206500,2.000000,0.00001329,0.89996718,0.10001954
95,0.206527,2.000000,0.00001324,0.89996139,0.10002537
96,0.206527,2.000000,0.00001324,0.89996141,0.10002535
97,0.217062,2.000000,0.06999173,0.80522904,0.12477922
98,0.217062,2.000000,0.06999184,0.80522890,0.12477926
99,0.217068,2.000000,0.06999475,0.80523167,0.12477358
100,0.233622,2.000000,0.00004529,0.91889845,0.08105626
101,0.233650,2.000000,0.00004554,0.91889359,0.08106087
102,0.233650,2.000000,0.00004554,0.91889359,0.08106088
103,0.234849,2.000000,0.04129607,0.83752620,0.12117773
104,0.234849,2.000000,0.04129611,0.83752615,0.12117774
105,0.234905,2.000000,0.04127339,0.83754678,0.12117983
106,0.240522,2.000000,0.00009529,0.94105278,0.05885193
107,0.240522,2.000000,0.00009529,0.94105277,0.05885194
108,0.245383,2.000000,0.00041233,0.94155710,0.05803057
109,0.245834,2.000000,0.00013603,0.93581673,0.06404723
110,0.245834,2.000000,0.00013603,0.93581672,0.06404724
111,0.250447,2.000000,0.00181594,0.90973206,0.08845200
112,0.250447,2.000000,0.00181594,0.90973201,0.08845205
113,0.250486,2.000000,0.00184972,0.91011740,0.08803288
114,0.250628,2.000000,0.00001541,0.89096975,0.10901483
115,0.250678,2.000000,0.00005136,0.89134507,0.10860358
116,0.250678,2.000000,0.00005136,0.89134504,0.10860360
117,0.255095,2.000000,0.00081218,0.91096924,0.08821859
118,0.255152,2.000000,0.00081243,0.91096374,0.08822383
119,0.255152,2.000000,0.00081243,0.91096374,0.08822383
120,0.280427,2.000000,0.00000004,0.92628874,0.07371121
121,0.289884,2.000000,0.00069387,0.90857386,0.09073227
122,0.289913,2.000000,0.00069408,0.90856778,0.09073814
123,0.289913,2.000000,0.00069408,0.90856777,0.09073815
124,0.301566,2.000000,0.00031353,0.93476933,0.06491714
125,0.301566,2.000000,0.00031353,0.93476934,0.06491713
126,0.323747,2.000000,0.00200266,0.88635662,0.11164072
127,0.374698,2.000000,0.00295654,0.87572449,0.12131897
128,0.374698,2.000000,0.00295655,0.87572448,0.12131897
129,0.486585,0.000000,0.24091547,0.18263387,0.57645067
130,0.503816,0.000000,0.16877964,0.41801887,0.41320149
131,0.503816,0.000000,0.16877936,0.41801986,0.41320078
132,0.503844,0.000000,0.16861216,0.41876133,0.41262651
133,0.503956,0.000000,0.21542777,0.20899343,0.57557880
134,0.503956,0.000000,0.21542798,0.20899287,0.57557915
135,0.514376,0.000000,0.15754118,0.42610023,0.41635860
136,0.514376,0.000000,0.15754111,0.42610019,0.41635871
137,0.514384,0.000000,0.15756765,0.42603337,0.41639898
138,0.527737,0.000000,0.07952548,0.54213635,0.37833818
139,0.527737,0.000000,0.07952490,0.54213836,0.37833674
140,0.554966,0.000000,0.13889438,0.34190782,0.51919780
141,0.554966,0.000000,0.13889511,0.34190591,0.51919898
142,0.557161,0.000000,0.15515347,0.24105910,0.60378743
143,0.588400,0.000000,0.04046443,0.60172749,0.35780808
144,0.595839,0.000000,0.13563423,0.50500722,0.35935855
145,0.595839,0.000000,0.13563429,0.50500716,0.35935855
146,0.595847,0.000000,0.13568852,0.50494034,0.35937114
147,0.605196,0.000000,0.03087198,0.67585604,0.29327198
148,0.605196,0.000000,0.03087190,0.67585614,0.29327196
149,0.610501,0.000000,0.60195091,0.15001398,0.24803510
150,0.611100,0.000000,0.18384707,0.47033985,0.34581307
151,0.611144,0.000000,0.18390293,0.47020917,0.34588790
152,0.611144,0.000000,0.18390294,0.47020914,0.34588792
153,0.619928,0.000000,0.00000353,0.68591599,0.31408048
154,0.620128,0.000000,0.50852464,0.20428044,0.28719492
155,0.620128,0.000000,0.50852557,0.20427977,0.28719466
156,0.623523,0.000000,0.24388100,0.39575277,0.36036623
157,0.623523,0.000000,0.24388098,0.39575287,0.36036615
158,0.623541,0.000000,0.24390760,0.39567409,0.36041832
159,0.632749,0.000000,0.52990263,0.13387468,0.33622270
160,0.646622,0.000000,0.29055497,0.39930528,0.31013974
161,0.646622,0.000000,0.29055511,0.39930517,0.31013972
162,0.646651,0.000000,0.29053273,0.39925525,0.31021201
163,0.663419,0.000000,0.00671913,0.82162639,0.17165448
164,0.663466,0.000000,0.00670992,0.82157934,0.17171074
165,0.663466,0.000000,0.00670996,0.82157926,0.17171078
166,0.665488,0.000000,0.07333680,0.57013932,0.35652388
167,0.665488,0.000000,0.07333775,0.57013838,0.35652387
168,0.679282,0.000000,0.19668641,0.49311184,0.31020176
169,0.679282,0.000000,0.19668662,0.49311194,0.31020144
170,0.679307,0.000000,0.19664195,0.49305207,0.31030599
171,0.686707,0.000000,0.02142437,0.71984779,0.25872784
172,0.686787,0.000000,0.02143855,0.71969700,0.25886445
173,0.686787,0.000000,0.02143856,0.71969702,0.25886441
174,0.688792,0.000000,0.07973928,0.55006285,0.37019787
175,0.699765,0.000000,0.01609576,0.63688398,0.34702026
176,0.699765,0.000000,0.01609575,0.63688382,0.34702043
177,0.699917,0.000000,0.00928650,0.75952142,0.23119208
178,0.699969,0.000000,0.00930075,0.75894135,0.23175791
179,0.699969,0.000000,0.00930078,0.75894138,0.23175784
180,0.704023,0.000000,0.23124071,0.42112329,0.34763601
181,0.704023,0.000000,0.23124090,0.42112304,0.34763607
182,0.704048,0.000000,0.23142079,0.42086876,0.34771044
183,0.716852,0.000000,0.04162690,0.75483346,0.20353964
184,0.716892,0.000000,0.04180546,0.75459225,0.20360230
185,0.716892,0.000000,0.04180557,0.75459207,0.20360236
186,0.717197,0.000000,0.11268809,0.56952724,0.31778467
187,0.717197,0.000000,0.11268819,0.56952700,0.31778482
188,0.717223,0.000000,0.11283166,0.56916610,0.31800224
189,0.719658,0.000000,0.01326908,0.73881886,0.24791206
190,0.719658,0.000000,0.01326905,0.73881895,0.24791200
191,0.719701,0.000000,0.01328251,0.73877840,0.24793909
192,0.723305,0.000000,0.00818648,0.74621582,0.24559770
193,0.723346,0.000000,0.00817387,0.74620211,0.24562402
194,0.723346,0.000000,0.00817392,0.74620203,0.24562404
195,0.742600,0.000000,0.13668194,0.57699749,0.28632057
196,0.742600,0.000000,0.13668209,0.57699743,0.28632048
197,0.742631,0.000000,0.13649352,0.57716957,0.28633691
198,0.744766,0.000000,0.15173053,0.63249975,0.21576971
199,0.744766,0.000000,0.15173049,0.63249977,0.21576974
200,0.744794,0.000000,0.15173859,0.63244123,0.21582018
201,0.747593,0.000000,0.08206101,0.72373868,0.19420030
202,0.747641,0.000000,0.08117012,0.72456758,0.19426230
203,0.747641,0.000000,0.08117014,0.72456757,0.19426230
204,0.747877,0.000000,0.15028184,0.66786131,0.18185684
205,0.747945,0.000000,0.15112592,0.66713107,0.18174301
206,0.747945,0.000000,0.15112598,0.66713099,0.18174303
207,0.764528,0.000000,0.96203914,0.02367357,0.01428729
208,0.768916,0.000000,0.03757286,0.68692200,0.27550514
209,0.768916,0.000000,0.03757310,0.68692155,0.27550535
210,0.768965,0.000000,0.03748275,0.68716010,0.27535715
211,0.770439,0.000000,0.08512240,0.57843063,0.33644697
212,0.770451,0.000000,0.08521144,0.57834771,0.33644084
213,0.770451,0.000000,0.08521144,0.57834778,0.33644078
214,0.778303,0.000000,0.15337297,0.62124438,0.22538266
215,0.778303,0.000000,0.15337336,0.62124394,0.22538270
216,0.778329,0.000000,0.15342571,0.62113868,0.22543561
217,0.780773,0.000000,0.07040922,0.71387813,0.21571265
218,0.780788,0.000000,0.07036446,0.71370643,0.21592911
219,0.780788,0.000000,0.07036437,0.71370649,0.21592913
220,0.789334,0.000000,0.10540538,0.67419178,0.22040284
221,0.789334,0.000000,0.10540536,0.67419193,0.22040271
222,0.789361,0.000000,0.10544510,0.67426503,0.22028988
223,0.790242,0.000000,0.16692914,0.59129803,0.24177283
224,0.790300,0.000000,0.16682725,0.59138055,0.24179220
225,0.790300,0.000000,0.16682729,0.59138072,0.24179199
226,0.792758,0.000000,0.13595241,0.64881065,0.21523694
227,0.792758,0.000000,0.13595242,0.64881069,0.21523690
228,0.792805,0.000000,0.13591046,0.64858181,0.21550773
229,0.797442,0.000000,0.10922765,0.57722747,0.31354488
230,0.797442,0.000000,0.10922770,0.57722733,0.31354497
231,0.797466,0.000000,0.10926974,0.57723581,0.31349444
232,0.805268,0.000000,0.28145258,0.48562713,0.23292030
233,0.805268,0.000000,0.28145268,0.48562698,0.23292034
234,0.805297,0.000000,0.28140594,0.48573836,0.23285571
235,0.812117,0.000000,0.19803339,0.55606822,0.24589839
236,0.812117,0.000000,0.19803338,0.55606828,0.24589834
237,0.812152,0.000000,0.19806405,0.55608316,0.24585280
238,0.840976,0.000000,0.18870870,0.63253214,0.17875916
239,0.840976,0.000000,0.18870856,0.63253222,0.17875921
240,0.840999,0.000000,0.18867861,0.63253722,0.17878416
241,0.843402,0.000000,0.25593131,0.58436138,0.15970731
242,0.843417,0.000000,0.25593313,0.58435720,0.15970967
243,0.843417,0.000000,0.25593314,0.58435716,0.15970970
244,0.864692,0.000000,0.32071291,0.51904292,0.16024416
245,0.864692,0.000000,0.32071286,0.51904299,0.16024416
246,0.864716,0.000000,0.32066136,0.51907994,0.16025870
247,0.901768,0.000000,0.00000025,0.94625119,0.05374856
248,0.902751,0.000000,0.00450361,0.92509219,0.07040421
249,0.902751,0.000000,0.00450362,0.92509219,0.07040420
250,0.931155,0.000000,0.00485635,0.90834681,0.08679684
251,0.933593,0.000000,0.02770278,0.85466577,0.11763145
252,0.938936,0.000000,0.00092337,0.91913345,0.07994318
253,0.938936,0.000000,0.00092337,0.91913340,0.07994323
254,0.942662,0.000000,0.01470704,0.89837932,0.08691364
255,0.942662,0.000000,0.01470711,0.89837947,0.08691342
256,0.985542,0.000000,0.01830218,0.90342520,0.07827262
257,1.053139,0.000000,0.14374018,0.25359571,0.60266411
258,1.053139,0.000000,0.14374002,0.25359616,0.60266382
259,1.053159,0.000000,0.14378725,0.25360838,0.60260437
260,1.104724,0.000000,0.01013824,0.64252672,0.34733504
261,1.104724,0.000000,0.01013822,0.64252677,0.34733501
262,1.104778,0.000000,0.01013236,0.64253700,0.34733064
263,1.107469,0.000000,0.00051720,0.67813244,0.32135036
264,1.107551,0.000000,0.00052362,0.67815854,0.32131784
265,1.107551,0.000000,0.00052362,0.67815850,0.32131787
266,1.116113,0.000000,0.02760304,0.60590753,0.36648943
267,1.116113,0.000000,0.02760295,0.60590758,0.36648947
268,1.116183,0.000000,0.02761011,0.60589406,0.36649584
269,1.118412,0.000000,0.05563349,0.56540750,0.37895901
270,1.118412,0.000000,0.05563249,0.56540997,0.37895755
271,1.118428,0.000000,0.05588656,0.56466129,0.37945215
272,1.123703,0.000000,0.09231102,0.46456545,0.44312353
273,1.123703,0.000000,0.09231094,0.46456501,0.44312405
274,1.123741,0.000000,0.09218730,0.46504258,0.44277012
275,1.131096,0.000000,0.02039471,0.59185916,0.38774613
276,1.131147,0.000000,0.02039008,0.59191779,0.38769213
277,1.131147,0.000000,0.02039000,0.59191816,0.38769184
278,1.139376,0.000000,0.02967176,0.58096070,0.38936754
279,1.139376,0.000000,0.02967174,0.58096071,0.38936755
280,1.139436,0.000000,0.02967094,0.58089066,0.38943840
281,1.143602,0.000000,0.00100647,0.66646296,0.33253058
282,1.143703,0.000000,0.00102322,0.66646048,0.33251630
283,1.143703,0.000000,0.00102322,0.66646052,0.33251625
284,1.153529,0.000000,0.02069873,0.75484258,0.22445869
285,1.159438,0.000000,0.04401544,0.70805913,0.24792543
286,1.159438,0.000000,0.04401553,0.70805997,0.24792450
287,1.169239,0.000000,0.12467183,0.48067111,0.39465706
288,1.169240,0.000000,0.12467264,0.48066924,0.39465812
289,1.169256,0.000000,0.12451925,0.48095982,0.39452093
290,1.181035,0.000000,0.08084337,0.73021150,0.18894513
291,1.211328,0.000000,0.01319523,0.77779119,0.20901358
292,1.211328,0.000000,0.01319516,0.77779099,0.20901385
293,1.224666,0.000000,0.02146621,0.79695476,0.18157903
294,1.225082,0.000000,0.04550417,0.74058157,0.21391426
295,1.225083,0.000000,0.04550406,0.74058162,0.21391432
296,1.232151,0.000000,0.04357290,0.72640798,0.23001912
297,1.236888,0.000000,0.00013208,0.06317120,0.93669672
298,1.236902,0.000000,0.00013204,0.06318072,0.93668725
299,1.236902,0.000000,0.00013204,0.06318043,0.93668752
300,1.241024,0.000000,0.00293077,0.13071016,0.86635906
301,1.241024,0.000000,0.00293084,0.13071108,0.86635808
302,1.241050,0.000000,0.00292006,0.13061923,0.86646071
303,1.248605,0.000000,0.00022124,0.08456986,0.91520890
304,1.248605,0.000000,0.00022125,0.08456996,0.91520880
305,1.248605,0.000000,0.00022246,0.08460709,0.91517045
306,1.269339,0.000000,0.07905982,0.81235623,0.10858395
307,1.269340,0.000000,0.07905961,0.81235545,0.10858494
308,1.269462,0.000000,0.07907498,0.81281758,0.10810744
309,1.269778,0.000000,0.00022556,0.08880978,0.91096466
310,1.269800,0.000000,0.00026826,0.08916925,0.91056249
311,1.269800,0.000000,0.00026816,0.08916837,0.91056347
312,1.288998,0.000000,0.07738878,0.79766267,0.12494855
313,1.288998,0.000000,0.07738867,0.79766238,0.12494895
314,1.289024,0.000000,0.07735456,0.79775767,0.12488777
315,1.295761,0.000000,0.04560564,0.55973925,0.39465511
316,1.295761,0.000000,0.04560572,0.55974028,0.39465400
317,1.295811,0.000000,0.04562485,0.55991428,0.39446087
318,1.334015,0.000000,0.02609546,0.56813081,0.40577373
319,1.334015,0.000000,0.02609541,0.56813090,0.40577369
320,1.334070,0.000000,0.02609047,0.56818457,0.40572497
321,1.339644,0.000000,0.02424999,0.58331275,0.39243726
322,1.339744,0.000000,0.02423669,0.58336540,0.39239791
323,1.339744,0.000000,0.02423665,0.58336568,0.39239767
324,1.350747,0.000000,0.02965361,0.59964321,0.37070318
325,1.350747,0.000000,0.02965360,0.59964377,0.37070264
326,1.350780,0.000000,0.02966904,0.59963461,0.37069635
327,1.370441,0.000000,0.01077948,0.33574188,0.65347864
328,1.370442,0.000000,0.01077884,0.33574244,0.65347872
329,1.411255,0.000000,0.02813951,0.33983522,0.63202527
330,1.436132,0.000000,0.00354457,0.02980407,0.96665136
331,1.436133,0.000000,0.00354455,0.02980495,0.96665050
332,1.443535,0.000000,0.02734459,0.33383545,0.63881996
333,1.443536,0.000000,0.02734638,0.33383415,0.63881947
334,1.466427,0.000000,0.15321548,0.26275676,0.58402776
335,1.466428,0.000000,0.15322432,0.26275033,0.58402535
336,1.466911,0.000000,0.00000020,0.35023788,0.64976191
337,1.479955,0.000000,0.40359856,0.12083141,0.47557003
338,1.517439,0.000000,0.26517450,0.19798440,0.53684110
339,1.517439,0.000000,0.26516879,0.19798905,0.53684216
340,1.529934,0.000000,0.00024738,0.06892620,0.93082643
341,1.529950,0.000000,0.00024751,0.06886807,0.93088442
342,1.529951,0.000000,0.00024752,0.06886747,0.93088501
343,1.559491,0.000000,0.51075949,0.01900990,0.47023061
344,1.579975,0.000000,0.00042650,0.05883408,0.94073943
345,1.579996,0.000000,0.00042671,0.05875711,0.94081618
346,1.579996,0.000000,0.00042670,0.05875716,0.94081614
347,1.603274,0.000000,0.00001440,0.38924740,0.61073820
348,1.603274,0.000000,0.00001440,0.38924730,0.61073830
349,1.609175,0.000000,0.00102824,0.43215444,0.56681733
350,1.609175,0.000000,0.00102826,0.43215483,0.56681691
351,1.609264,0.000000,0.00102438,0.43211833,0.56685730
352,1.623073,0.000000,0.00073997,0.35974028,0.63951974
353,1.623117,0.000000,0.00073716,0.35982988,0.63943296
354,1.623117,0.000000,0.00073720,0.35983084,0.63943196
355,1.653639,0.000000,0.00006381,0.43978151,0.56015469
356,1.666348,0.000000,0.00435754,0.42862953,0.56701292
357,1.666348,0.000000,0.00435764,0.42862982,0.56701254
358,1.666445,0.000000,0.00434920,0.42858755,0.56706325
359,1.676587,0.000000,0.00384108,0.37616172,0.61999720
360,1.676616,0.000000,0.00384013,0.37618991,0.61996995
361,1.676617,0.000000,0.00384007,0.37618952,0.61997041
362,1.680168,0.000000,0.00000015,0.36438928,0.63561057
363,1.686341,0.000000,0.00304531,0.08380877,0.91314592
364,1.686342,0.000000,0.00304564,0.08380817,0.91314619
365,1.718935,0.000000,0.00000118,0.34331333,0.65668549
366,1.718935,0.000000,0.00000118,0.34331382,0.65668500
367,1.732922,0.000000,0.00092204,0.08882235,0.91025561
368,1.732923,0.000000,0.00092224,0.08882353,0.91025423
369,1.744850,0.000000,0.00000001,0.08843352,0.91156647
370,1.744864,0.000000,0.01598870,0.10848464,0.87552666
371,1.752308,0.000000,0.00169662,0.09327872,0.90502466
372,1.752308,0.000000,0.00169685,0.09327881,0.90502434
373,1.818692,0.000000,0.00020900,0.27891819,0.72087281
374,1.818692,0.000000,0.00020900,0.27891931,0.72087168
375,1.825624,0.000000,0.00255339,0.61301076,0.38443585
376,1.825624,0.000000,0.00255337,0.61301129,0.38443534
377,1.825699,0.000000,0.00255465,0.61292005,0.38452530
378,1.865794,0.000000,0.00162529,0.53087741,0.46749730
379,1.865850,0.000000,0.00162468,0.53185490,0.46652042
380,1.865851,0.000000,0.00162470,0.53185224,0.46652306
381,1.871935,0.000000,0.00099649,0.41086437,0.58813913
382,1.872005,0.000000,0.00099203,0.40941958,0.58958840
383,1.872005,0.000000,0.00099205,0.40942281,0.58958514
384,1.875174,0.000000,0.00209524,0.61999265,0.37791212
385,1.875175,0.000000,0.00209527,0.61999309,0.37791165
386,1.875308,0.000000,0.00209468,0.61998832,0.37791700
387,1.897614,0.000000,0.01731650,0.47723060,0.50545291
388,1.897711,0.000000,0.01734327,0.47724095,0.50541577
389,1.897711,0.000000,0.01734312,0.47724088,0.50541600
390,1.899172,0.000000,0.08414514,0.44894995,0.46690491
391,1.899172,0.000000,0.08414634,0.44895013,0.46690353
392,1.899266,0.000000,0.08419750,0.44886834,0.46693416
393,1.925009,0.000000,0.00182877,0.19424504,0.80392619
394,1.935392,0.000000,0.09727241,0.38453434,0.51819325
395,1.935392,0.000000,0.09727060,0.38453340,0.51819600
396,1.935425,0.000000,0.09731754,0.38454509,0.51813736
397,1.937041,0.000000,0.03776242,0.49493115,0.46730644
398,1.937207,0.000000,0.03780327,0.49493125,0.46726548
399,1.937207,0.000000,0.03780402,0.49493203,0.46726395
400,1.947087,0.000000,0.00070502,0.50418857,0.49510641
401,1.947191,0.000000,0.00071484,0.50463936,0.49464580
402,1.947191,0.000000,0.00071481,0.50463978,0.49464541
403,1.952690,0.000000,0.04060446,0.51556019,0.44383534
404,1.952690,0.000000,0.04060535,0.51556206,0.44383259
405,1.952738,0.000000,0.04064045,0.51547117,0.44388838
406,1.964706,0.000000,0.00612908,0.05324464,0.94062627
407,1.964707,0.000000,0.00612910,0.05324344,0.94062746
408,1.974014,0.000000,0.00000001,0.03202081,0.96797918
409,1.981312,0.000000,0.17929809,0.50869029,0.31201162
410,1.981313,0.000000,0.17930415,0.50868637,0.31200948
411,1.981322,0.000000,0.17924488,0.50880216,0.31195296
412,1.987550,0.000000,0.00337481,0.49221080,0.50441439
413,1.987617,0.000000,0.00339160,0.49212284,0.50448556
414,1.987617,0.000000,0.00339163,0.49212281,0.50448556
415,1.989335,0.000000,0.10875072,0.46751666,0.42373262
416,1.989335,0.000000,0.10875396,0.46751220,0.42373384
417,1.989419,0.000000,0.10887051,0.46734766,0.42378183
418,1.991037,0.000000,0.01110527,0.20094804,0.78794669
419,1.991037,0.000000,0.01110525,0.20094800,0.78794674
420,1.991105,0.000000,0.01110658,0.20094699,0.78794643
421,2.005995,0.000000,0.05901719,0.54172659,0.39925622
422,2.006053,0.000000,0.05898579,0.54169270,0.39932151
423,2.006053,0.000000,0.05898564,0.54169402,0.39932034
424,2.013901,0.000000,0.00368447,0.72834720,0.26796833
425,2.022171,0.000000,0.10312825,0.50077872,0.39609303
426,2.022171,0.000000,0.10312730,0.50077725,0.39609545
427,2.022235,0.000000,0.10298633,0.50097592,0.39603776
428,2.029983,0.000000,0.00073580,0.20975106,0.78951314
429,2.030010,0.000000,0.00073471,0.20969061,0.78957468
430,2.030010,0.000000,0.00073471,0.20969136,0.78957393
431,2.031414,0.000000,0.00611600,0.01680620,0.97707780
432,2.031415,0.000000,0.00611619,0.01681064,0.97707317
433,2.031934,0.000000,0.00000005,0.01692571,0.98307424
434,2.037670,0.000000,0.05295665,0.53925825,0.40778510
435,2.037670,0.000000,0.05295772,0.53925995,0.40778233
436,2.037688,0.000000,0.05302030,0.53923249,0.40774721
437,2.049464,0.000000,0.00707471,0.51660984,0.47631544
438,2.049501,0.000000,0.00707406,0.51659567,0.47633027
439,2.049501,0.000000,0.00707307,0.51659523,0.47633170
440,2.055129,0.000000,0.00387469,0.69768614,0.29843918
441,2.055129,0.000000,0.00387477,0.69768075,0.29844448
442,2.055491,0.000000,0.01226499,0.24433862,0.74339639
443,2.055491,0.000000,0.01226493,0.24433734,0.74339773
444,2.055501,0.000000,0.01226169,0.24399667,0.74374164
445,2.085327,0.000000,0.07522449,0.32140422,0.60337129
446,2.085327,0.000000,0.07522567,0.32140397,0.60337035
447,2.085333,0.000000,0.07522068,0.32129827,0.60348106
448,2.096721,0.000000,0.11551914,0.16719039,0.71729048
449,2.096790,0.000000,0.11552039,0.16696868,0.71751093
450,2.096790,0.000000,0.11552067,0.16696912,0.71751021
451,2.110741,0.000000,0.13572055,0.22304035,0.64123910
452,2.110741,0.000000,0.13572053,0.22303965,0.64123982
453,2.110761,0.000000,0.13563498,0.22317647,0.64118855
454,2.116912,0.000000,0.00253441,0.29588867,0.70157693
455,2.116912,0.000000,0.00253428,0.29588851,0.70157721
456,2.116949,0.000000,0.00253328,0.29592304,0.70154369
457,2.118121,0.000000,0.00850533,0.26804106,0.72345361
458,2.118190,0.000000,0.00849886,0.26801391,0.72348722
459,2.118190,0.000000,0.00849899,0.26801454,0.72348647
460,2.141131,0.000000,0.00512086,0.35000461,0.64487453
461,2.141232,0.000000,0.00512479,0.34989615,0.64497906
462,2.141232,0.000000,0.00512478,0.34989683,0.64497838
463,2.150485,0.000000,0.16549615,0.23371262,0.60079123
464,2.150564,0.000000,0.16539316,0.23385666,0.60075018
465,2.150565,0.000000,0.16539097,0.23385540,0.60075363
466,2.155681,0.000000,0.00431044,0.32514427,0.67054529
467,2.155681,0.000000,0.00431033,0.32514415,0.67054552
468,2.155690,0.000000,0.00429581,0.32515843,0.67054577
469,2.164981,0.000000,0.08560243,0.38963197,0.52476560
470,2.164981,0.000000,0.08560250,0.38963185,0.52476566
471,2.165104,0.000000,0.08560904,0.38962736,0.52476360
472,2.200030,0.000000,0.15517890,0.30324655,0.54157455
473,2.200032,0.000000,0.15517812,0.30324751,0.54157437
474,2.200064,0.000000,0.15524337,0.30311203,0.54164459
475,2.233763,0.000000,0.10391520,0.27877489,0.61730991
476,2.233765,0.000000,0.10391465,0.27878285,0.61730250
477,2.233818,0.000000,0.10407777,0.27859052,0.61733170
478,2.234570,0.000000,0.01524869,0.26909505,0.71565626
479,2.234616,0.000000,0.01545037,0.26909371,0.71545593
480,2.234616,0.000000,0.01545053,0.26909346,0.71545601
481,2.237257,0.000000,0.02131473,0.53062989,0.44805538
482,2.237257,0.000000,0.02131443,0.53062922,0.44805635
483,2.244781,0.000000,0.12932831,0.19249405,0.67817765
484,2.244781,0.000000,0.12932873,0.19249599,0.67817528
485,2.244810,0.000000,0.12929269,0.19247431,0.67823300
486,2.280426,0.000000,0.09370061,0.48644058,0.41985881
487,2.286763,0.000000,0.17807213,0.10608514,0.71584272
488,2.286763,0.000000,0.17807327,0.10608622,0.71584051
489,2.286781,0.000000,0.17803459,0.10612657,0.71583884
490,2.288661,0.000000,0.00000009,0.58553422,0.41446569
491,2.290243,0.000000,0.11936097,0.27671523,0.60392380
492,2.290244,0.000000,0.11936037,0.27671605,0.60392358
493,2.290298,0.000000,0.11940235,0.27654392,0.60405374
494,2.297863,0.000000,0.08836190,0.58090578,0.33073232
495,2.298051,0.000000,0.08860948,0.58062803,0.33076249
496,2.298051,0.000000,0.08861032,0.58062581,0.33076388
497,2.304041,0.000000,0.08266939,0.51592596,0.40140465
498,2.304041,0.000000,0.08266955,0.51592584,0.40140461
499,2.310295,0.000000,0.09956383,0.47060856,0.42982761
500,2.310296,0.000000,0.09956708,0.47059854,0.42983437
501,2.310350,0.000000,0.09942722,0.47085729,0.42971549
502,2.323129,0.000000,0.10475416,0.75018331,0.14506252
503,2.327179,0.000000,0.05926501,0.14440054,0.79633446
504,2.327237,0.000000,0.05928230,0.14435153,0.79636617
505,2.327238,0.000000,0.05928257,0.14435172,0.79636570
506,2.341748,0.000000,0.24318311,0.44021425,0.31660264
507,2.341748,0.000000,0.24318381,0.44020995,0.31660624
508,2.341849,0.000000,0.24324745,0.44019295,0.31655961
509,2.350300,0.000000,0.04108368,0.14590493,0.81301139
510,2.350300,0.000000,0.04108295,0.14590430,0.81301276
511,2.350310,0.000000,0.04086999,0.14546971,0.81366031
512,2.351192,0.000000,0.20654627,0.49148406,0.30196967
513,2.351286,0.000000,0.20926489,0.49495414,0.29578097
514,2.351287,0.000000,0.20889310,0.49438268,0.29672422
515,2.351328,0.000000,0.02108910,0.20274188,0.77616901
516,2.351369,0.000000,0.01840299,0.19862085,0.78297615
517,2.351370,0.000000,0.01875604,0.19917129,0.78207268
518,2.365530,0.000000,0.03661555,0.55602522,0.40735924
519,2.365530,0.000000,0.03661508,0.55602536,0.40735956
520,2.381997,0.000000,0.09206145,0.78228947,0.12564907
521,2.381998,0.000000,0.09206171,0.78229101,0.12564728
522,2.399679,0.000000,0.00025198,0.59719730,0.40255073
523,2.401848,0.000000,0.09285346,0.65011484,0.25703171
524,2.401931,0.000000,0.09268321,0.65084181,0.25647498
525,2.401931,0.000000,0.09268443,0.65083976,0.25647581
526,2.409822,0.000000,0.06419415,0.62125370,0.31455215
527,2.409822,0.000000,0.06419425,0.62125335,0.31455240
528,2.409906,0.000000,0.06412437,0.62137928,0.31449635
529,2.418165,0.000000,0.17930550,0.43941413,0.38128037
530,2.424236,0.000000,0.10117498,0.83317523,0.06564979
531,2.455011,0.000000,0.34281749,0.40833304,0.24884947
532,2.455012,0.000000,0.34281695,0.40833421,0.24884884
533,2.456415,0.000000,0.04958039,0.59051446,0.35990515
534,2.456416,0.000000,0.04957951,0.59051393,0.35990656
535,2.466176,0.000000,0.17577622,0.51451574,0.30970804
536,2.466177,0.000000,0.17577488,0.51451602,0.30970910
537,2.466217,0.000000,0.17589512,0.51442803,0.30967685
538,2.468990,0.000000,0.17895548,0.51949715,0.30154736
539,2.469075,0.000000,0.17892388,0.51958672,0.30148940
540,2.469076,0.000000,0.17892444,0.51958457,0.30149099
541,2.473410,0.000000,0.31481853,0.43785354,0.24732793
542,2.495536,0.000000,0.16130953,0.34080896,0.49788151
543,2.511048,0.000000,0.04445765,0.55828476,0.39725760
544,2.511048,0.000000,0.04445788,0.55828713,0.39725500
545,2.520766,0.000000,0.00518156,0.43851012,0.55630833
546,2.520766,0.000000,0.00518095,0.43851005,0.55630900
547,2.529047,0.000000,0.08043651,0.26152066,0.65804283
548,2.529102,0.000000,0.08040579,0.26153274,0.65806147
549,2.529103,0.000000,0.08040652,0.26153336,0.65806012
550,2.539486,0.000000,0.12022259,0.23178648,0.64799093
551,2.539486,0.000000,0.12022299,0.23178794,0.64798907
552,2.539578,0.000000,0.12021156,0.23179123,0.64799721
553,2.546124,0.000000,0.06432302,0.21162594,0.72405104
554,2.546138,0.000000,0.06428148,0.21170659,0.72401192
555,2.546138,0.000000,0.06428178,0.21170538,0.72401284
556,2.546209,0.000000,0.36339562,0.40587023,0.23073414
557,2.548228,0.000000,0.11586551,0.18696351,0.69717098
558,2.548230,0.000000,0.11586224,0.18696490,0.69717285
559,2.548277,0.000000,0.11593392,0.18705447,0.69701161
560,2.555596,0.000000,0.35724379,0.41847409,0.22428212
561,2.555597,0.000000,0.35724617,0.41847032,0.22428351
562,2.556413,0.000000,0.07707339,0.42911612,0.49381049
563,2.558629,0.000000,0.06687385,0.46701480,0.46611135
564,2.558630,0.000000,0.06687353,0.46701349,0.46611298
565,2.565565,0.000000,0.21798530,0.31891891,0.46309579
566,2.565568,0.000000,0.21798490,0.31891869,0.46309640
567,2.565590,0.000000,0.21794484,0.31890040,0.46315477
568,2.566021,0.000000,0.00000078,0.39265836,0.60734086
569,2.567142,0.000000,0.05620467,0.32653461,0.61726072
570,2.567142,0.000000,0.05620533,0.32653234,0.61726234
571,2.567224,0.000000,0.05627426,0.32638715,0.61733859
572,2.572022,0.000000,0.00241871,0.38128783,0.61629346
573,2.572022,0.000000,0.00241793,0.38128427,0.61629779
574,2.579902,0.000000,0.06742571,0.47551623,0.45705807
575,2.594879,0.000000,0.18355024,0.33304427,0.48340549
576,2.594881,0.000000,0.18355177,0.33304253,0.48340570
577,2.594910,0.000000,0.18352613,0.33300724,0.48346663
578,2.605629,0.000000,0.02226645,0.37279696,0.60493659
579,2.607117,0.000000,0.01880213,0.33023348,0.65096439
580,2.607117,0.000000,0.01880276,0.33023423,0.65096302
581,2.607644,0.000000,0.02678084,0.04018815,0.93303101
582,2.607669,0.000000,0.02679568,0.04028444,0.93291988
583,2.607669,0.000000,0.02677859,0.04027901,0.93294240
584,2.609819,0.000000,0.08764902,0.33277756,0.57957343
585,2.609819,0.000000,0.08764791,0.33278076,0.57957133
586,2.609896,0.000000,0.08758632,0.33276096,0.57965272
587,2.613358,0.000000,0.13031804,0.07382851,0.79585345
588,2.613395,0.000000,0.13031155,0.07384923,0.79583922
589,2.613397,0.000000,0.13032517,0.07385524,0.79581959
590,2.624396,0.000000,0.00000031,0.31954617,0.68045352
591,2.624860,0.000000,0.18150209,0.06859920,0.74989870
592,2.624862,0.000000,0.18150193,0.06859904,0.74989902
593,2.624917,0.000000,0.18149964,0.06859017,0.74991018
594,2.627856,0.000000,0.00230757,0.35305221,0.64464022
595,2.627857,0.000000,0.00230768,0.35305456,0.64463776
596,2.643726,0.000000,0.01321176,0.40857700,0.57821124
597,2.643730,0.000000,0.01321145,0.40857495,0.57821360
598,2.673565,0.000000,0.06637855,0.57759878,0.35602267
599,2.673716,0.000000,0.06636742,0.57762796,0.35600462
600,2.673716,0.000000,0.06636777,0.57762754,0.35600470
601,2.702421,0.000000,0.14194143,0.49137582,0.36668275
602,2.702422,0.000000,0.14193844,0.49138422,0.36667735
603,2.702563,0.000000,0.14156240,0.49253415,0.36590345
604,2.710992,0.000000,0.07606391,0.58788695,0.33604914
605,2.710992,0.000000,0.07606081,0.58789689,0.33604231
606,2.711128,0.000000,0.07640022,0.58690448,0.33669530
607,2.717550,0.000000,0.01688140,0.04686383,0.93625477
608,2.717578,0.000000,0.01688300,0.04682570,0.93629130
609,2.717579,0.000000,0.01688344,0.04682541,0.93629116
610,2.729371,0.000000,0.00296441,0.85902138,0.13801421
611,2.729493,0.000000,0.00293354,0.85925617,0.13781029
612,2.729493,0.000000,0.00293361,0.85925595,0.13781044
613,2.778985,0.000000,0.00978388,0.77622602,0.21399010
614,2.779119,0.000000,0.00978992,0.77624996,0.21396011
615,2.779119,0.000000,0.00978990,0.77624899,0.21396111
616,2.829186,0.000000,0.00337930,0.22598072,0.77063998
617,2.829187,0.000000,0.00337906,0.22597963,0.77064132
618,2.829245,0.000000,0.00338280,0.22571847,0.77089874
619,2.836416,0.000000,0.04182426,0.68614902,0.27202672
620,2.836607,0.000000,0.04186662,0.68603964,0.27209373
621,2.836608,0.000000,0.04187820,0.68599997,0.27212183
622,2.837245,0.000000,0.06619090,0.60594754,0.32786156
623,2.837246,0.000000,0.06617872,0.60599588,0.32782541
624,2.837511,0.000000,0.06621568,0.60579432,0.32798999
625,2.860010,0.000000,0.06920033,0.47249166,0.45830802
626,2.860012,0.000000,0.06920143,0.47247622,0.45832235
627,2.860082,0.000000,0.06919746,0.47266916,0.45813338
628,2.875472,0.000000,0.05963551,0.71050075,0.22986374
629,2.875473,0.000000,0.05963327,0.71049797,0.22986876
630,2.875664,0.000000,0.05958723,0.71047293,0.22993984
631,2.893764,0.000000,0.00016435,0.24921609,0.75061956
632,2.893828,0.000000,0.00016393,0.24918090,0.75065516
633,2.893828,0.000000,0.00016393,0.24918081,0.75065526
634,2.914220,0.000000,0.03936288,0.27306025,0.68757687
635,2.923357,0.000000,0.00921829,0.60229307,0.38848864
636,2.923357,0.000000,0.00921883,0.60229654,0.38848463
637,2.923443,0.000000,0.00922257,0.60232975,0.38844767
638,2.947498,0.000000,0.01423272,0.39480352,0.59096376
639,2.947499,0.000000,0.01423230,0.39480578,0.59096192
640,2.947603,0.000000,0.01423244,0.39490055,0.59086701
641,2.958470,0.000000,0.00325988,0.53015846,0.46658166
642,2.958551,0.000000,0.00325679,0.53020444,0.46653877
643,2.958552,0.000000,0.00325681,0.53020270,0.46654049
644,2.961126,0.000000,0.00304870,0.16918713,0.82776418
645,2.961172,0.000000,0.00305330,0.16915043,0.82779627
646,2.961172,0.000000,0.00305331,0.16914988,0.82779681
647,2.971984,0.000000,0.02224973,0.20652948,0.77122078
648,2.971984,0.000000,0.02225058,0.20653648,0.77121294
649,2.984067,0.000000,0.00361899,0.51113821,0.48524280
650,2.984068,0.000000,0.00361777,0.51113742,0.48524481
651,2.984189,0.000000,0.00361119,0.51081740,0.48557141
652,3.007893,0.000000,0.00006642,0.13589900,0.86403458
653,3.007944,0.000000,0.00006615,0.13593435,0.86399950
654,3.007945,0.000000,0.00006617,0.13593448,0.86399935
655,3.018387,0.000000,0.02041512,0.63783682,0.34174806
656,3.018392,0.000000,0.02041378,0.63779260,0.34179362
657,3.018563,0.000000,0.02037181,0.63737156,0.34225663
658,3.028912,0.000000,0.00139463,0.40058998,0.59801539
659,3.028990,0.000000,0.00082770,0.17572302,0.82344928
660,3.028992,0.000000,0.00082881,0.17618268,0.82298851
661,3.029078,0.000000,0.00136971,0.38717949,0.61145080
662,3.029211,0.000000,0.00193517,0.61224329,0.38582154
663,3.029211,0.000000,0.00193428,0.61192669,0.38613903
664,3.044630,0.000000,0.00172855,0.16939526,0.82887619
665,3.044633,0.000000,0.00172882,0.16940018,0.82887100
666,3.044651,0.000000,0.00176376,0.17039637,0.82783987
667,3.045598,0.000000,0.01186331,0.47110146,0.51703523
668,3.045601,0.000000,0.01186607,0.47114682,0.51698711
669,3.045704,0.000000,0.01188924,0.47128023,0.51683052
670,3.069574,0.000000,0.02952615,0.25224662,0.71822722
671,3.069590,0.000000,0.02952408,0.25225072,0.71822520
672,3.072807,0.000000,0.03200990,0.25219414,0.71579595
673,3.073002,0.000000,0.00154285,0.39832243,0.60013472
674,3.073003,0.000000,0.00154279,0.39832203,0.60013518
675,3.080865,0.000000,0.00057400,0.40337847,0.59604753
676,3.080949,0.000000,0.00057600,0.40352586,0.59589813
677,3.080950,0.000000,0.00057602,0.40352639,0.59589759
678,3.082892,0.000000,0.00082127,0.43971408,0.55946465
679,3.082895,0.000000,0.00082124,0.43971128,0.55946748
680,3.082940,0.000000,0.00082314,0.43990482,0.55927204
681,3.100196,0.000000,0.00085173,0.35445583,0.64469244
682,3.100199,0.000000,0.00085174,0.35445381,0.64469445
683,3.100248,0.000000,0.00085102,0.35440020,0.64474878
684,3.121535,0.000000,0.00806184,0.08374530,0.90819286
685,3.121545,0.000000,0.00806062,0.08376913,0.90817024
686,3.121817,0.000000,0.00018524,0.15408629,0.84572847
687,3.121885,0.000000,0.00022561,0.15371455,0.84605984
688,3.121885,0.000000,0.00022323,0.15373535,0.84604142
689,3.130710,0.000000,0.00145183,0.36633123,0.63221694
690,3.149426,0.000000,0.00069637,0.37180267,0.62750096
691,3.149433,0.000000,0.00069621,0.37179497,0.62750882
692,3.173830,0.000000,0.00000004,0.37824479,0.62175517
693,3.200132,0.000000,0.00022948,0.34312058,0.65664993
694,3.200134,0.000000,0.00022944,0.34311602,0.65665453
695,3.211534,0.000000,0.00026108,0.87575667,0.12398225
696,3.223388,0.000000,0.03256577,0.09522483,0.87220940
697,3.223391,0.000000,0.03256433,0.09521862,0.87221705
698,3.223392,0.000000,0.03256473,0.09521662,0.87221865
699,3.256459,0.000000,0.04404783,0.08351566,0.87243651
700,3.256459,0.000000,0.04404805,0.08351669,0.87243526
701,3.256538,0.000000,0.04403694,0.08353510,0.87242796
702,3.270666,0.000000,0.00097412,0.86699156,0.13203432
703,3.270667,0.000000,0.00097404,0.86699677,0.13202919
704,3.738698,0.000000,0.00073431,0.53432157,0.46494411
705,3.738701,0.000000,0.00073434,0.53432057,0.46494509
706,3.797345,0.000000,0.00044860,0.53287586,0.46667555
707,3.797434,0.000000,0.00044834,0.53289958,0.46665208
708,3.797435,0.000000,0.00044833,0.53289930,0.46665236
709,3.878734,0.000000,0.00046509,0.58677740,0.41275751
710,3.878740,0.000000,0.00046511,0.58677754,0.41275735
711,3.905098,0.000000,0.00070630,0.67774192,0.32155178
712,3.905223,0.000000,0.00070591,0.67779782,0.32149627
713,3.905223,0.000000,0.00070591,0.67779783,0.32149626
714,3.947834,0.000000,0.00483708,0.67968807,0.31547484
715,3.947837,0.000000,0.00483718,0.67968826,0.31547456
716,3.947926,0.000000,0.00482682,0.67974513,0.31542805
717,3.951294,0.000000,0.00000002,0.58119796,0.41880202
718,4.001606,0.000000,0.00279505,0.75527804,0.24192691
719,4.001607,0.000000,0.00279518,0.75527698,0.24192784
720,4.001678,0.000000,0.00279341,0.75529307,0.24191351
721,4.020421,0.000000,0.00058190,0.62516084,0.37425726
722,4.020545,0.000000,0.00057719,0.62515955,0.37426325
723,4.020548,0.000000,0.00057717,0.62515465,0.37426818
724,4.052785,0.000000,0.00036709,0.75092819,0.24870471
725,4.052967,0.000000,0.00036624,0.75097425,0.24865950
726,4.052973,0.000000,0.00036624,0.75097433,0.24865942
